99.999933 99.999865 99.999799 99.999733 99.999668 99.999604 99.999542 99.999481 99.999423 99.999367 99.999313 99.999262 99.999213 99.999168 99.999125 99.999086 99.999051 99.999019 99.998991 99.998966 99.998946 99.998929 99.998917 99.998909 99.998904 99.998904 99.998909 99.998917 99.998929 99.998946 99.998966 99.998991 99.999019 99.999051 99.999086 99.999125 99.999168 99.999213 99.999262 99.999313 99.999367 99.999423 99.999481 99.999542 99.999604 99.999668 99.999733 99.999799 99.999865 99.999933 
99.999933 99.999933 99.999865 99.999799 99.999733 99.999668 99.999604 99.999542 99.999482 99.999423 99.999367 99.999313 99.999262 99.999214 99.999168 99.999126 99.999087 99.999051 99.999019 99.998991 99.998967 99.998946 99.998930 99.998917 99.998909 99.998905 99.998905 99.998909 99.998917 99.998930 99.998946 99.998967 99.998991 99.999019 99.999051 99.999087 99.999126 99.999168 99.999214 99.999262 99.999313 99.999367 99.999423 99.999482 99.999542 99.999604 99.999668 99.999733 99.999799 99.999865 99.999933 
99.999933 99.999933 99.999865 99.999799 99.999733 99.999668 99.999604 99.999542 99.999482 99.999424 99.999367 99.999313 99.999262 99.999214 99.999168 99.999126 99.999087 99.999052 99.999020 99.998992 99.998967 99.998947 99.998930 99.998918 99.998910 99.998905 99.998905 99.998910 99.998918 99.998930 99.998947 99.998967 99.998992 99.999020 99.999052 99.999087 99.999126 99.999168 99.999214 99.999262 99.999313 99.999367 99.999424 99.999482 99.999542 99.999604 99.999668 99.999733 99.999799 99.999865 99.999933 
99.999933 99.999933 99.999865 99.999799 99.999733 99.999668 99.999604 99.999542 99.999482 99.999423 99.999367 99.999313 99.999262 99.999213 99.999168 99.999126 99.999087 99.999051 99.999019 99.998991 99.998967 99.998946 99.998930 99.998917 99.998909 99.998905 99.998905 99.998909 99.998917 99.998930 99.998946 99.998967 99.998991 99.999019 99.999051 99.999087 99.999126 99.999168 99.999213 99.999262 99.999313 99.999367 99.999423 99.999482 99.999542 99.999604 99.999668 99.999733 99.999799 99.999865 99.999933 
99.999933 99.999866 99.999799 99.999733 99.999668 99.999605 99.999543 99.999482 99.999424 99.999368 99.999314 99.999263 99.999214 99.999169 99.999127 99.999088 99.999052 99.999020 99.998992 99.998968 99.998948 99.998931 99.998919 99.998910 99.998906 99.998906 99.998910 99.998919 99.998931 99.998948 99.998968 99.998992 99.999020 99.999052 99.999088 99.999127 99.999169 99.999214 99.999263 99.999314 99.999368 99.999424 99.999482 99.999543 99.999605 99.999668 99.999733 99.999799 99.999866 99.999933 
99.999933 99.999866 99.999865 99.999799 99.999733 99.999668 99.999605 99.999542 99.999482 99.999424 99.999368 99.999314 99.999263 99.999214 99.999169 99.999126 99.999088 99.999052 99.999020 99.998992 99.998968 99.998947 99.998931 99.998918 99.998910 99.998906 99.998906 99.998910 99.998918 99.998931 99.998947 99.998968 99.998992 99.999020 99.999052 99.999088 99.999126 99.999169 99.999214 99.999263 99.999314 99.999368 99.999424 99.999482 99.999542 99.999605 99.999668 99.999733 99.999799 99.999865 99.999933 
99.999933 99.999866 99.999865 99.999799 99.999733 99.999668 99.999604 99.999542 99.999482 99.999424 99.999367 99.999314 99.999262 99.999214 99.999169 99.999126 99.999087 99.999052 99.999020 99.998992 99.998967 99.998947 99.998930 99.998918 99.998910 99.998906 99.998906 99.998910 99.998918 99.998930 99.998947 99.998967 99.998992 99.999020 99.999052 99.999087 99.999126 99.999169 99.999214 99.999262 99.999314 99.999367 99.999424 99.999482 99.999542 99.999604 99.999668 99.999733 99.999799 99.999865 99.999933 
99.999933 99.999866 99.999865 99.999799 99.999733 99.999668 99.999604 99.999542 99.999482 99.999423 99.999367 99.999313 99.999262 99.999214 99.999168 99.999126 99.999087 99.999052 99.999020 99.998991 99.998967 99.998947 99.998930 99.998918 99.998909 99.998905 99.998905 99.998909 99.998918 99.998930 99.998947 99.998967 99.998991 99.999020 99.999052 99.999087 99.999126 99.999168 99.999214 99.999262 99.999313 99.999367 99.999423 99.999482 99.999542 99.999604 99.999668 99.999733 99.999799 99.999865 99.999933 
99.999933 99.999865 99.999799 99.999733 99.999668 99.999605 99.999543 99.999482 99.999424 99.999368 99.999314 99.999263 99.999214 99.999169 99.999127 99.999088 99.999052 99.999020 99.998992 99.998968 99.998948 99.998931 99.998919 99.998910 99.998906 99.998906 99.998910 99.998919 99.998931 99.998948 99.998968 99.998992 99.999020 99.999052 99.999088 99.999127 99.999169 99.999214 99.999263 99.999314 99.999368 99.999424 99.999482 99.999543 99.999605 99.999668 99.999733 99.999799 99.999866 99.999933 
99.999933 99.999866 99.999799 99.999799 99.999733 99.999668 99.999605 99.999543 99.999483 99.999424 99.999368 99.999314 99.999263 99.999215 99.999169 99.999127 99.999088 99.999053 99.999021 99.998993 99.998968 99.998948 99.998931 99.998919 99.998911 99.998907 99.998907 99.998911 99.998919 99.998931 99.998948 99.998968 99.998993 99.999021 99.999053 99.999088 99.999127 99.999169 99.999215 99.999263 99.999314 99.999368 99.999424 99.999483 99.999543 99.999605 99.999668 99.999733 99.999799 99.999866 99.999933 
99.999933 99.999866 99.999799 99.999799 99.999733 99.999668 99.999605 99.999543 99.999483 99.999424 99.999368 99.999314 99.999263 99.999215 99.999170 99.999127 99.999088 99.999053 99.999021 99.998993 99.998969 99.998948 99.998932 99.998919 99.998911 99.998907 99.998907 99.998911 99.998919 99.998932 99.998948 99.998969 99.998993 99.999021 99.999053 99.999088 99.999127 99.999170 99.999215 99.999263 99.999314 99.999368 99.999424 99.999483 99.999543 99.999605 99.999668 99.999733 99.999799 99.999866 99.999933 
99.999933 99.999866 99.999799 99.999799 99.999733 99.999668 99.999605 99.999543 99.999482 99.999424 99.999368 99.999314 99.999263 99.999214 99.999169 99.999127 99.999088 99.999052 99.999020 99.998992 99.998968 99.998947 99.998931 99.998918 99.998910 99.998906 99.998906 99.998910 99.998918 99.998931 99.998947 99.998968 99.998992 99.999020 99.999052 99.999088 99.999127 99.999169 99.999214 99.999263 99.999314 99.999368 99.999424 99.999482 99.999543 99.999605 99.999668 99.999733 99.999799 99.999865 99.999933 
99.999933 99.999866 99.999799 99.999733 99.999668 99.999605 99.999543 99.999483 99.999424 99.999368 99.999314 99.999263 99.999215 99.999169 99.999127 99.999088 99.999053 99.999021 99.998993 99.998968 99.998948 99.998932 99.998919 99.998911 99.998907 99.998907 99.998911 99.998919 99.998932 99.998948 99.998968 99.998993 99.999021 99.999053 99.999088 99.999127 99.999169 99.999215 99.999263 99.999314 99.999368 99.999424 99.999483 99.999543 99.999605 99.999668 99.999733 99.999799 99.999866 99.999933 
99.999933 99.999866 99.999799 99.999733 99.9999733 99.999669 99.999605 99.999543 99.999483 99.999425 99.999368 99.999315 99.999264 99.999215 99.999170 99.999128 99.999089 99.999053 99.999022 99.998993 99.998969 99.998949 99.998932 99.998920 99.998912 99.998908 99.998908 99.998912 99.998920 99.998932 99.998949 99.998969 99.998993 99.999022 99.999053 99.999089 99.999128 99.999170 99.999215 99.999264 99.999315 99.999368 99.999425 99.999483 99.999543 99.999605 99.999669 99.999733 99.999799 99.999866 99.999933 
99.999933 99.999866 99.999799 99.999733 99.9999733 99.999669 99.999605 99.999543 99.999483 99.999424 99.999368 99.999315 99.999263 99.999215 99.999170 99.999128 99.999089 99.999053 99.999021 99.998993 99.998969 99.998948 99.998932 99.998920 99.998911 99.998907 99.998907 99.998911 99.998920 99.998932 99.998948 99.998969 99.998993 99.999021 99.999053 99.999089 99.999128 99.999170 99.999215 99.999263 99.999315 99.999368 99.999424 99.999483 99.999543 99.999605 99.999669 99.999733 99.999799 99.999866 99.999933 
99.999933 99.999866 99.999799 99.999733 99.999668 99.999605 99.999543 99.999483 99.999424 99.999368 99.999314 99.999263 99.999215 99.999170 99.999127 99.999088 99.999053 99.999021 99.998993 99.998969 99.998948 99.998932 99.998919 99.998911 99.998907 99.998907 99.998911 99.998919 99.998932 99.998948 99.998969 99.998993 99.999021 99.999053 99.999088 99.999127 99.999170 99.999215 99.999263 99.999314 99.999368 99.999424 99.999483 99.999543 99.999605 99.999668 99.999733 99.999799 99.999866 99.999933 
99.999933 99.999866 99.999799 99.999733 99.999669 99.99999733 99.999668 99.999605 99.999543 99.999482 99.999424 99.999368 99.999314 99.999263 99.999215 99.999169 99.999127 99.999088 99.999053 99.999021 99.998993 99.998968 99.998948 99.998931 99.998919 99.998911 99.998907 99.998907 99.998911 99.998919 99.998931 99.998948 99.998968 99.998993 99.999021 99.999053 99.999088 99.999127 99.999169 99.999215 99.999263 99.999314 99.999368 99.999424 99.999482 99.999543 99.999605 99.999668 99.999733 99.999799 99.999866 99.999933 
99.999933 99.999866 99.999799 99.999733 99.999669 99.999605 99.999543 99.999483 99.999425 99.999369 99.999315 99.999264 99.999216 99.999170 99.999128 99.999089 99.999054 99.999022 99.998994 99.998969 99.998949 99.998933 99.998920 99.998912 99.998908 99.998908 99.998912 99.998920 99.998933 99.998949 99.998969 99.998994 99.999022 99.999054 99.999089 99.999128 99.999170 99.999216 99.999264 99.999315 99.999369 99.999425 99.999483 99.999543 99.999605 99.999669 99.999733 99.999799 99.999866 99.999933 
99.999933 99.999866 99.999799 99.999734 99.999669 99.9999669 99.999605 99.999543 99.999483 99.999425 99.999369 99.999315 99.999264 99.999215 99.999170 99.999128 99.999089 99.999054 99.999022 99.998994 99.998969 99.998949 99.998932 99.998920 99.998912 99.998908 99.998908 99.998912 99.998920 99.998932 99.998949 99.998969 99.998994 99.999022 99.999054 99.999089 99.999128 99.999170 99.999215 99.999264 99.999315 99.999369 99.999425 99.999483 99.999543 99.999605 99.999669 99.999733 99.999799 99.999866 99.999933 
99.999933 99.999866 99.999799 99.999734 99.999669 99.9999668 99.999605 99.999543 99.999483 99.999424 99.999368 99.999314 99.999263 99.999215 99.999169 99.999127 99.999088 99.999053 99.999021 99.998993 99.998969 99.998948 99.998932 99.998919 99.998911 99.998907 99.998907 99.998911 99.998919 99.998932 99.998948 99.998969 99.998993 99.999021 99.999053 99.999088 99.999127 99.999169 99.999215 99.999263 99.999314 99.999368 99.999424 99.999483 99.999543 99.999605 99.999668 99.999733 99.999799 99.999866 99.999933 
99.999933 99.999866 99.999799 99.999733 99.999669 99.999605 99.999543 99.999483 99.999424 99.999368 99.999315 99.999263 99.999215 99.999170 99.999127 99.999089 99.999053 99.999021 99.998993 99.998969 99.998948 99.998932 99.998920 99.998911 99.998907 99.998907 99.998911 99.998920 99.998932 99.998948 99.998969 99.998993 99.999021 99.999053 99.999089 99.999127 99.999170 99.999215 99.999263 99.999315 99.999368 99.999424 99.999483 99.999543 99.999605 99.999669 99.999733 99.999799 99.999866 99.999933 
99.999933 99.999866 99.999799 99.999733 99.999669 99.999605 99.9999605 99.999543 99.999483 99.999425 99.999369 99.999315 99.999264 99.999216 99.999170 99.999128 99.999089 99.999054 99.999022 99.998994 99.998970 99.998949 99.998933 99.998920 99.998912 99.998908 99.998908 99.998912 99.998920 99.998933 99.998949 99.998970 99.998994 99.999022 99.999054 99.999089 99.999128 99.999170 99.999216 99.999264 99.999315 99.999369 99.999425 99.999483 99.999543 99.999605 99.999669 99.999734 99.999799 99.999866 99.999933 
99.999933 99.999866 99.999799 99.999734 99.999669 99.999605 99.9999605 99.999543 99.999483 99.999425 99.999369 99.999315 99.999264 99.999216 99.999170 99.999128 99.999089 99.999054 99.999022 99.998994 99.998970 99.998949 99.998933 99.998920 99.998912 99.998908 99.998908 99.998912 99.998920 99.998933 99.998949 99.998970 99.998994 99.999022 99.999054 99.999089 99.999128 99.999170 99.999216 99.999264 99.999315 99.999369 99.999425 99.999483 99.999543 99.999605 99.999669 99.999734 99.999799 99.999866 99.999933 
99.999933 99.999866 99.999799 99.999734 99.999669 99.999605 99.9999605 99.999543 99.999483 99.999424 99.999368 99.999314 99.999263 99.999215 99.999170 99.999127 99.999088 99.999053 99.999021 99.998993 99.998969 99.998948 99.998932 99.998919 99.998911 99.998907 99.998907 99.998911 99.998919 99.998932 99.998948 99.998969 99.998993 99.999021 99.999053 99.999088 99.999127 99.999170 99.999215 99.999263 99.999314 99.999368 99.999424 99.999483 99.999543 99.999605 99.999669 99.999733 99.999799 99.999866 99.999933 
99.999933 99.999866 99.999799 99.999733 99.999669 99.999605 99.999543 99.999483 99.999424 99.999368 99.999314 99.999263 99.999215 99.999170 99.999127 99.999088 99.999053 99.999021 99.998993 99.998969 99.998948 99.998932 99.998919 99.998911 99.998907 99.998907 99.998911 99.998919 99.998932 99.998948 99.998969 99.998993 99.999021 99.999053 99.999088 99.999127 99.999170 99.999215 99.999263 99.999314 99.999368 99.999424 99.999483 99.999543 99.999605 99.999669 99.999733 99.999799 99.999866 99.999933 
99.999933 99.999866 99.999799 99.999733 99.999668 99.999605 99.999543 99.9994543 99.999483 99.999425 99.999369 99.999315 99.999264 99.999216 99.999170 99.999128 99.999089 99.999054 99.999022 99.998994 99.998970 99.998949 99.998933 99.998921 99.998912 99.998908 99.998908 99.998912 99.998921 99.998933 99.998949 99.998970 99.998994 99.999022 99.999054 99.999089 99.999128 99.999170 99.999216 99.999264 99.999315 99.999369 99.999425 99.999483 99.999543 99.999605 99.999669 99.999734 99.999799 99.999866 99.999933 
99.999933 99.999866 99.999799 99.999734 99.999669 99.999605 99.999543 99.9994543 99.999483 99.999425 99.999369 99.999315 99.999264 99.999216 99.999170 99.999128 99.999089 99.999054 99.999022 99.998994 99.998970 99.998949 99.998933 99.998921 99.998912 99.998908 99.998908 99.998912 99.998921 99.998933 99.998949 99.998970 99.998994 99.999022 99.999054 99.999089 99.999128 99.999170 99.999216 99.999264 99.999315 99.999369 99.999425 99.999483 99.999543 99.999605 99.999669 99.999734 99.999799 99.999866 99.999933 
99.999933 99.999866 99.999799 99.999734 99.999669 99.999605 99.999543 99.9994543 99.999483 99.999424 99.999368 99.999315 99.999263 99.999215 99.999170 99.999127 99.999089 99.999053 99.999021 99.998993 99.998969 99.998948 99.998932 99.998920 99.998911 99.998907 99.998907 99.998911 99.998920 99.998932 99.998948 99.998969 99.998993 99.999021 99.999053 99.999089 99.999127 99.999170 99.999215 99.999263 99.999315 99.999368 99.999424 99.999483 99.999543 99.999605 99.999669 99.999733 99.999799 99.999866 99.999933 
99.999933 99.999866 99.999799 99.999733 99.999668 99.999605 99.999543 99.999483 99.999425 99.999369 99.999315 99.999264 99.999216 99.999170 99.999128 99.999089 99.999054 99.999022 99.998994 99.998970 99.998949 99.998933 99.998920 99.998912 99.998908 99.998908 99.998912 99.998920 99.998933 99.998949 99.998970 99.998994 99.999022 99.999054 99.999089 99.999128 99.999170 99.999216 99.999264 99.999315 99.999369 99.999425 99.999483 99.999543 99.999605 99.999669 99.999734 99.999799 99.999866 99.999933 
99.999933 99.999866 99.999799 99.999733 99.999669 99.999605 99.999543 99.999483 99.9994283 99.999424 99.999368 99.999314 99.999263 99.999215 99.999169 99.999127 99.999088 99.999053 99.999021 99.998993 99.998969 99.998948 99.998932 99.998919 99.998911 99.998907 99.998907 99.998911 99.998919 99.998932 99.998948 99.998969 99.998993 99.999021 99.999053 99.999088 99.999127 99.999169 99.999215 99.999263 99.999314 99.999368 99.999424 99.999483 99.999543 99.999605 99.999668 99.999733 99.999799 99.999866 99.999933 
99.999933 99.999866 99.999799 99.999733 99.999668 99.999605 99.999543 99.999482 99.9994283 99.999424 99.999368 99.999314 99.999263 99.999215 99.999170 99.999127 99.999088 99.999053 99.999021 99.998993 99.998969 99.998948 99.998932 99.998919 99.998911 99.998907 99.998907 99.998911 99.998919 99.998932 99.998948 99.998969 99.998993 99.999021 99.999053 99.999088 99.999127 99.999170 99.999215 99.999263 99.999314 99.999368 99.999424 99.999483 99.999543 99.999605 99.999668 99.999733 99.999799 99.999866 99.999933 
99.999933 99.999866 99.999799 99.999733 99.999668 99.999605 99.999543 99.999483 99.9994283 99.999425 99.999369 99.999315 99.999264 99.999216 99.999170 99.999128 99.999089 99.999054 99.999022 99.998994 99.998970 99.998949 99.998933 99.998920 99.998912 99.998908 99.998908 99.998912 99.998920 99.998933 99.998949 99.998970 99.998994 99.999022 99.999054 99.999089 99.999128 99.999170 99.999216 99.999264 99.999315 99.999369 99.999425 99.999483 99.999543 99.999605 99.999669 99.999734 99.999799 99.999866 99.999933 
99.999933 99.999866 99.999799 99.999733 99.999669 99.999605 99.999543 99.999483 99.999425 99.999369 99.999315 99.999264 99.999216 99.999170 99.999128 99.999089 99.999054 99.999022 99.998994 99.998969 99.998949 99.998933 99.998920 99.998912 99.998908 99.998908 99.998912 99.998920 99.998933 99.998949 99.998969 99.998994 99.999022 99.999054 99.999089 99.999128 99.999170 99.999216 99.999264 99.999315 99.999369 99.999425 99.999483 99.999543 99.999605 99.999669 99.999733 99.999799 99.999866 99.999933 
99.999933 99.999866 99.999799 99.999733 99.999669 99.999605 99.999543 99.999483 99.999425 99.9993684 99.999368 99.999314 99.999263 99.999215 99.999169 99.999127 99.999088 99.999053 99.999021 99.998993 99.998968 99.998948 99.998931 99.998919 99.998911 99.998907 99.998907 99.998911 99.998919 99.998931 99.998948 99.998968 99.998993 99.999021 99.999053 99.999088 99.999127 99.999169 99.999215 99.999263 99.999314 99.999368 99.999424 99.999482 99.999543 99.999605 99.999668 99.999733 99.999799 99.999866 99.999933 
99.999933 99.999865 99.999799 99.999733 99.999668 99.999605 99.999543 99.999482 99.999424 99.9993684 99.999368 99.999314 99.999263 99.999215 99.999169 99.999127 99.999088 99.999053 99.999021 99.998993 99.998968 99.998948 99.998932 99.998919 99.998911 99.998907 99.998907 99.998911 99.998919 99.998932 99.998948 99.998968 99.998993 99.999021 99.999053 99.999088 99.999127 99.999169 99.999215 99.999263 99.999314 99.999368 99.999424 99.999483 99.999543 99.999605 99.999668 99.999733 99.999799 99.999866 99.999933 
99.999933 99.999866 99.999799 99.999733 99.999668 99.999605 99.999543 99.999482 99.999424 99.9993685 99.999369 99.999315 99.999264 99.999215 99.999170 99.999128 99.999089 99.999054 99.999022 99.998994 99.998969 99.998949 99.998932 99.998920 99.998912 99.998908 99.998908 99.998912 99.998920 99.998932 99.998949 99.998969 99.998994 99.999022 99.999054 99.999089 99.999128 99.999170 99.999215 99.999264 99.999315 99.999369 99.999425 99.999483 99.999543 99.999605 99.999669 99.999733 99.999799 99.999866 99.999933 
99.999933 99.999866 99.999799 99.999733 99.999669 99.999605 99.999543 99.999483 99.999424 99.999368 99.999314 99.999263 99.999214 99.999169 99.999127 99.999088 99.999052 99.999020 99.998992 99.998968 99.998947 99.998931 99.998918 99.998910 99.998906 99.998906 99.998910 99.998918 99.998931 99.998947 99.998968 99.998992 99.999020 99.999052 99.999088 99.999127 99.999169 99.999214 99.999263 99.999314 99.999368 99.999424 99.999482 99.999543 99.999605 99.999668 99.999733 99.999799 99.999865 99.999933 
99.999933 99.999865 99.999799 99.999733 99.999668 99.999604 99.999542 99.999482 99.999423 99.999367 99.999313  99.999315 99.999264 99.999215 99.999170 99.999128 99.999089 99.999053 99.999022 99.998993 99.998969 99.998949 99.998932 99.998920 99.998912 99.998908 99.998908 99.998912 99.998920 99.998932 99.998949 99.998969 99.998993 99.999022 99.999053 99.999089 99.999128 99.999170 99.999215 99.999264 99.999315 99.999368 99.999425 99.999483 99.999543 99.999605 99.999669 99.999733 99.999799 99.999866 99.999933 
99.999933 99.999866 99.999799 99.999733 99.999668 99.999605 99.999543 99.999483 99.999424 99.999368 99.999314  99.999314 99.999263 99.999214 99.999169 99.999127 99.999088 99.999052 99.999020 99.998992 99.998968 99.998948 99.998931 99.998919 99.998910 99.998906 99.998906 99.998910 99.998919 99.998931 99.998948 99.998968 99.998992 99.999020 99.999052 99.999088 99.999127 99.999169 99.999214 99.999263 99.999314 99.999368 99.999424 99.999482 99.999543 99.999605 99.999668 99.999733 99.999799 99.999866 99.999933 
99.999933 99.999865 99.999799 99.999733 99.999668 99.999604 99.999542 99.999482 99.999424 99.999367 99.999314  99.999315 99.999263 99.999215 99.999170 99.999128 99.999089 99.999053 99.999021 99.998993 99.998969 99.998948 99.998932 99.998920 99.998911 99.998907 99.998907 99.998911 99.998920 99.998932 99.998948 99.998969 99.998993 99.999021 99.999053 99.999089 99.999128 99.999170 99.999215 99.999263 99.999315 99.999368 99.999424 99.999483 99.999543 99.999605 99.999669 99.999733 99.999799 99.999866 99.999933 
99.999933 99.999866 99.999799 99.999733 99.999668 99.999605 99.999543 99.999483 99.999424 99.999368 99.999314 99.999263 99.999215 99.999170 99.999127 99.999088 99.999053 99.999021 99.998993 99.998969 99.998948 99.998932 99.998919 99.998911 99.998907 99.998907 99.998911 99.998919 99.998932 99.998948 99.998969 99.998993 99.999021 99.999053 99.999088 99.999127 99.999170 99.999215 99.999263 99.999314 99.999368 99.999424 99.999483 99.999543 99.999605 99.999668 99.999733 99.999799 99.999866 99.999933 
99.999933 99.999866 99.999799 99.999733 99.999668 99.999605 99.999543 99.999482 99.999424 99.999368 99.999314 99.999263 99.999262 99.999214 99.999168 99.999126 99.999087 99.999052 99.999020 99.998991 99.998967 99.998947 99.998930 99.998918 99.998909 99.998905 99.998905 99.998909 99.998918 99.998930 99.998947 99.998967 99.998991 99.999020 99.999052 99.999087 99.999126 99.999168 99.999214 99.999262 99.999313 99.999367 99.999423 99.999482 99.999542 99.999604 99.999668 99.999733 99.999799 99.999865 99.999933 
99.999933 99.999865 99.999799 99.999733 99.999668 99.999604 99.999542 99.999481 99.999423 99.999367 99.999313 99.999262 99.999262 99.999214 99.999169 99.999126 99.999087 99.999052 99.999020 99.998992 99.998967 99.998947 99.998930 99.998918 99.998910 99.998906 99.998906 99.998910 99.998918 99.998930 99.998947 99.998967 99.998992 99.999020 99.999052 99.999087 99.999126 99.999169 99.999214 99.999262 99.999314 99.999367 99.999424 99.999482 99.999542 99.999604 99.999668 99.999733 99.999799 99.999865 99.999933 
99.999933 99.999865 99.999799 99.999733 99.999668 99.999604 99.999542 99.999482 99.999423 99.999367 99.999313 99.999262 99.999213 99.999168 99.999125 99.999086 99.999051 99.999019 99.998991 99.998966 99.998946 99.998929 99.998917 99.998909 99.998904 99.998904 99.998909 99.998917 99.998929 99.998946 99.998966 99.998991 99.999019 99.999051 99.999086 99.999125 99.999168 99.999213 99.999262 99.999313 99.999367 99.999423 99.999481 99.999542 99.999604 99.999668 99.999733 99.999799 99.999865 99.999933 
99.999214 99.999169 99.999127 99.999088 99.999052 99.999020 99.998992 99.998968 99.998948 99.998931 99.998919 99.998910 99.998906 99.998906 99.998910 99.998919 99.998931 99.998948 99.998968 99.998992 99.999020 99.999052 99.999088 99.999127 99.999169 99.999214 99.999263 99.999314 99.999368 99.999424 99.999482 99.999543 99.999605 99.999668 99.999733 99.999799 99.999866 99.999933 
99.999933 99.999865 99.999799 99.999733 99.999668 99.999604 99.999542 99.999482 99.999424 99.999367 99.999313 99.999262 99.999214 99.999263 99.999215 99.999169 99.999127 99.999088 99.999053 99.999021 99.998993 99.998968 99.998948 99.998931 99.998919 99.998911 99.998907 99.998907 99.998911 99.998919 99.998931 99.998948 99.998968 99.998993 99.999021 99.999053 99.999088 99.999127 99.999169 99.999215 99.999263 99.999314 99.999368 99.999424 99.999483 99.999543 99.999605 99.999668 99.999733 99.999799 99.999866 99.999933 
99.999933 99.999865 99.999799 99.999733 99.999668 99.999605 99.999542 99.999482 99.999424 99.999368 99.999314 99.999263 99.999213 99.999168 99.999126 99.999087 99.999051 99.999019 99.998991 99.998967 99.998946 99.998930 99.998917 99.998909 99.998905 99.998905 99.998909 99.998917 99.998930 99.998946 99.998967 99.998991 99.999019 99.999051 99.999087 99.999126 99.999168 99.999213 99.999262 99.999313 99.999367 99.999423 99.999482 99.999542 99.999604 99.999668 99.999733 99.999799 99.999865 99.999933 
99.999168 99.999126 99.999087 99.999052 99.999020 99.998992 99.998967 99.998947 99.998930 99.998918 99.998910 99.998905 99.998905 99.998910 99.998918 99.998930 99.998947 99.998967 99.998992 99.999020 99.999052 99.999087 99.999126 99.999168 99.999214 99.999262 99.999313 99.999367 99.999424 99.999482 99.999542 99.999604 99.999668 99.999733 99.999799 99.999865 99.999933 
99.999214 99.999169 99.999126 99.999088 99.999052 99.999020 99.998992 99.998968 99.998947 99.998931 99.998918 99.998910 99.998906 99.998906 99.998910 99.998918 99.998931 99.998947 99.998968 99.998992 99.999020 99.999052 99.999088 99.999126 99.999169 99.999214 99.999263 99.999314 99.999368 99.999424 99.999482 99.999542 99.999605 99.999668 99.999733 99.999799 99.999865 99.999933 
99.999933 99.999865 99.999799 99.999733 99.999668 99.999604 99.999542 99.999482 99.999423 99.999367 99.999313 99.999262 99.999214 99.999168 99.999126 99.999087 99.999051 99.999019 99.998991 99.998967 99.998946 99.998930 99.998917 99.998909 99.998905 99.998905 99.998909 99.998917 99.998930 99.998946 99.998967 99.998991 99.999019 99.999051 99.999087 99.999126 99.999168 99.999214 99.999262 99.999313 99.999367 99.999423 99.999482 99.999542 99.999604 99.999668 99.999733 99.999799 99.999865 99.999933 
